750
176
947 949
48
595 598
759 760
317
472
593
725
846 847
507
41
98
106
90
92
270 271
188 190
91 93
206 207
497
997
652
23
22
481 482
429
871 872
460
772
407 408
982 984
431
606
151 152
905
727
863
665 666
557
294
853 856
174
695 696
705 709
109
268
533
900
144 146
879 881
990 991
775
297 304
441
463
76 79
393
381
321 322
149
211
534 535
564 566
867
193
84 85
729
690
545 547
208
387
396
243 244
618 619
843
808 810
183 185
821
807
391
329
914
501 503
46 47
640
291 295
592
346
378
39
707
77
123 124
607 608
31 32
623
941 943
416
927 928
66 67
292
873 876
24
549
287
572 573
791
201
136
214 215
543 544
74
138 143
36 37
726 731
983
541
537 542
246 248
433
809
345 350
239
609 612
353 355
170
584
565
762 763
536
229
530
893
797 798
971
286
209
519
52 53
954
539
325
438 443
240
751 752
273 280
473
761
924
641
139
189
724
56
967 968
401 402
672
596
803
521 522
506
285 288
844
420
631 632
249 250
423
258
494 495
699 700
468
484 487
639
736
942
815
63
20 26
256 257
697 698
644
43
538
719
645
496 498
73
977 979
277
713
951
127
510 511
754
753 758
342
684 685
910 911
198 199
785
714 715
568 571
691
75
89
890
888
302
520
980 981
687
958 960
779
120
178
970
320
486
35
952 953
147 150
574
627
591
836
679
887
961 965
742
364
680
525 527
939
447 449
94 95
745
992
409 410
254
505
113
898 901
820
633 634
68 69
551
570
929 930
738
975
369
554
299
681 683
259 262
457
546
370
6 8
500
962
435
339 341
556
733
615 617
316
57 58
81
126 128
490 492
87
774 781
509
804
382 383
265
403 405
658
667
624 625
164
874
588
142
394 395
826
348
134 137
163 165
390 392
332
25
380
902 903
310 318
877
5
96 97
28
99 101
718
899
777
422 424
860
29
602
555
629
479
848
375 376
154
456
467
415 417
232
275
523 524
648
973 974
453
894 897
635 636
735 737
59 61
839
114 115
80 82
830
597
579 580
296
987
651 653
343 344
71 72
710 711
976
459 461
932 934
996 999
261
840 841
305
145
849
851
15 18
352
186
386 388
702
675 676
368 371
657 659
626
347
421
959
604
782 783
931
231 234
476 478
613
682
448
562 563
27 30
878
266 269
780
161 162
722
926
1
819
677
594
118 119
610
168 169
140
620 622
194
179
212
937 940
933
356
116 117
916 918
42
770 773
985 988
311
671
945 946
936
678
963
611
950
784
21
328
788 789
812
233
452 454
17
413 414
483
220
158 160
191 195
312
251
514
489
260
948
852
966
650
755
583 585
111
896
832 833
895
335 336
628 630
428 432
205
766
100
919 920
728
319
289 290
686 689
969
845
599 600
62
298
105 108
586 587
54 55
398 399
747
434 437
171 172
746
326
660 661
994
944
274
309
688
716 717
515
263 264
904 909
673 674
283
303
282
148
121
466 469
308
384 385
825 828
0 2
972
964
859
792
439
300
778
284
908
499
616
512 513
553 558
605
351
464 465
913
706
349
654
917
470 471
10 12
230
531
40 44
226 227
723
743
323
135
800 801
442
156 157
818 824
436
196
493
202
581 582
313
197
314
200 204
865
102 104
875
508
921
891 892
748
614
132
7
647
446
517 518
181
267
49 51
823
767
13
451
222
219
333
925
528 529
884 885
60
217
768
805 806
694
854
732
411
771
704
159
989
663
213
404
827
662 664
477
33
129 130
708
886
816 817
532
360
986
337 338
440
923
340
912 915
485
103
907
739
245
255
173 175
357
86 88
955
764
278
649
730
935
315
367
998
372 373
365 366
34
241
324 327
281
455 458
637 643
669
235
488
83
184
9
236 237
247
642
577 578
693
701 703
122
141
426 427
359 363
389
756
822
430
601 603
354
850
589 590
793 794
14
45
956 957
50
210
444 445
567
480
870
306 307
922
131 133
276
668 670
834 835
655
125
787
238 242
107
450
279
656
406
19
993 995
400
293
802
646
831
516
4
880
855
861 862
358
70
548 552
692
906
757
412
425
361
869
16
829
720 721
110
938
526
734
621
177
334
889
799
540
218 221
167
374
180 182
790
397
377
712
811
474 475
575
504
187
228
11
78
864
560
857 858
837 838
866 868
749 750
882 883
38
569
561
379
978
550
462
638
203
166
765 769
223 224
112
418 419
225
741
362
64 65
559
576
3
252 253
216
301
842
813 814
502
330 331
740 744
491
776
786
272
153 155
192
795 796
